R52 0.8% TRAIN 0.3% VAL

R52 0.7% TRAIN 0.3% VAL

RESULTS : 
              precision    recall  f1-score   support

           0       0.99      0.99      0.99      2347
           1       0.95      0.83      0.89       190
           2       0.97      0.98      0.98      1356
           3       0.97      0.97      0.97        66
           4       0.95      0.99      0.97        77
           5       0.89      0.82      0.85        94
           6       0.83      0.90      0.86       164
           7       0.64      0.64      0.64        11
           8       0.77      0.86      0.81        28
           9       0.85      0.85      0.85        13
          10       0.97      0.96      0.97       231
          11       0.86      0.83      0.84        23
          12       1.00      1.00      1.00         7
          13       0.82      0.75      0.78        12
          14       0.85      0.85      0.85        27
          15       1.00      0.25      0.40         4
          16       0.89      1.00      0.94        24
          17       0.75      0.50      0.60        12
          18       0.90      0.74      0.81        35
          19       0.97      0.88      0.92        64
          20       0.94      0.95      0.94       202
          21       0.68      0.72      0.70        39
          22       0.98      0.91      0.94        46
          23       0.81      1.00      0.89        21
          24       0.89      0.89      0.89        80
          25       0.43      0.60      0.50         5
          26       0.97      1.00      0.99        35
          27       0.65      0.73      0.69        33
          28       1.00      1.00      1.00         3
          29       0.88      0.60      0.71        25
          30       0.64      0.50      0.56        14
          31       0.36      0.50      0.42         8
          32       0.41      0.69      0.51        13
          33       0.93      1.00      0.97        14
          34       0.44      1.00      0.62         4
          35       0.86      0.60      0.71        10
          36       1.00      0.50      0.67         2
          37       0.94      0.89      0.91        18
          38       1.00      0.80      0.89         5
          39       0.60      0.75      0.67         4
          40       1.00      0.50      0.67         4
          41       0.76      0.83      0.79        23
          42       0.53      0.89      0.67        18
          43       0.75      0.90      0.82        10
          44       1.00      0.80      0.89         5
          45       0.50      0.57      0.53         7
          46       1.00      0.29      0.44         7
          47       1.00      1.00      1.00         4
          49       1.00      1.00      1.00         2
          50       0.90      1.00      0.95         9
          51       1.00      0.40      0.57         5

    accuracy                           0.95      5460
   macro avg       0.84      0.79      0.79      5460
weighted avg       0.95      0.95      0.95      5460

OH TRAIN : 80% TEST 20%
RESULTS : 
              precision    recall  f1-score   support

           0       0.81      0.89      0.85       639
           1       0.68      0.59      0.63        44
           2       0.81      0.75      0.78       317
           3       0.58      0.59      0.58       133
           4       0.72      0.72      0.72       113
           5       0.76      0.62      0.68        86
           6       0.89      0.87      0.88       682
           7       0.75      0.51      0.61        86
           8       0.73      0.74      0.73       148
           9       0.73      0.63      0.68       209
          10       0.61      0.72      0.66       460
          11       0.84      0.74      0.79       199
          12       0.76      0.64      0.69       262
          13       0.73      0.71      0.72       325
          14       0.61      0.76      0.67       123
          15       0.61      0.66      0.63       212
          16       0.67      0.60      0.63        50
          17       0.65      0.69      0.67       123
          18       0.62      0.71      0.66        85
          19       0.62      0.55      0.58        53
          20       0.59      0.44      0.51        43
          21       1.00      0.53      0.70        15
          22       0.70      0.64      0.67        33

    accuracy                           0.74      4440
   macro avg       0.72      0.66      0.68      4440
weighted avg       0.74      0.74      0.74      4440

OH TRAIN : 80% TEST 20%