r8:
loss: 0.2376 - accuracy: 0.9174 - val_loss: 0.2748 - val_accuracy: 0.9117
RESULTS : 
              precision    recall  f1-score   support

           0       0.97      0.96      0.97      5463
           1       0.88      0.94      0.91      3248
           2       0.77      0.81      0.79       367
           3       0.55      0.56      0.55       201
           4       0.64      0.62      0.63       397
           5       0.93      0.88      0.90       537
           6       0.38      0.08      0.13        66
           7       0.87      0.82      0.84       464

    accuracy                           0.91     10743
   macro avg       0.75      0.71      0.72     10743
weighted avg       0.91      0.91      0.91     10743



oh: 
loss: 2.2124 - accuracy: 0.3316 - val_loss: 2.4141 - val_accuracy: 0.3030
RESULTS : 
              precision    recall  f1-score   support

           0       0.50      0.85      0.63      1473
           1       0.00      0.00      0.00        88
           2       0.29      0.08      0.12       797
           3       0.21      0.10      0.13       334
           4       0.00      0.00      0.00       271
           5       0.00      0.00      0.00       175
           6       0.31      0.65      0.42      1630
           7       0.23      0.03      0.05       184
           8       0.00      0.00      0.00       350
           9       0.00      0.00      0.00       479
          10       0.17      0.29      0.22      1080
          11       0.20      0.31      0.24       436
          12       0.24      0.14      0.18       573
          13       0.18      0.12      0.15       792
          14       0.00      0.00      0.00       315
          15       0.17      0.17      0.17       486
          16       0.11      0.02      0.03        98
          17       0.19      0.03      0.05       306
          18       0.05      0.03      0.04       190
          19       0.12      0.03      0.05       120
          20       0.00      0.00      0.00        86
          21       1.00      0.04      0.07        27
          22       0.50      0.06      0.10        69

    accuracy                           0.30     10359
   macro avg       0.19      0.13      0.11     10359
weighted avg       0.23      0.30      0.24     10359

r52:
loss: 0.5397 - accuracy: 0.8494 - val_loss: 0.7967 - val_accuracy: 0.7951
RESULTS : 
              precision    recall  f1-score   support

           0       0.96      0.92      0.94      5478
           1       0.75      0.74      0.74       373
           2       0.78      0.95      0.86      3188
           3       0.46      0.30      0.36       168
           4       0.29      0.32      0.30       157
           5       0.29      0.50      0.37       210
           6       0.55      0.61      0.58       408
           7       0.00      0.00      0.00        34
           8       0.86      0.18      0.30        67
           9       0.61      0.46      0.53        41
          10       0.75      0.87      0.81       498
          11       0.00      0.00      0.00        53
          12       0.82      0.50      0.62        18
          13       0.23      0.30      0.26        20
          14       0.75      0.04      0.08        69
          15       0.00      0.00      0.00        13
          16       0.77      0.54      0.63        69
          17       0.50      0.07      0.12        30
          18       0.49      0.65      0.56        66
          19       0.36      0.21      0.26       138
          20       0.86      0.79      0.82       449
          21       0.69      0.24      0.36       113
          22       0.34      0.83      0.49        99
          23       0.33      0.40      0.36        67
          24       0.61      0.56      0.59       227
          25       0.00      0.00      0.00         8
          26       0.44      0.41      0.43        90
          27       0.33      0.12      0.17        69
          28       0.60      0.25      0.35        12
          29       0.36      0.29      0.32        55
          30       0.00      0.00      0.00        35
          31       0.00      0.00      0.00        25
          32       0.00      0.00      0.00        38
          33       0.29      0.06      0.10        33
          34       0.00      0.00      0.00        11
          35       0.00      0.00      0.00        18
          36       0.00      0.00      0.00         7
          37       0.48      0.26      0.34        46
          38       0.28      0.62      0.38         8
          39       0.00      0.00      0.00         8
          40       0.50      0.20      0.29         5
          41       0.45      0.17      0.24        54
          42       0.44      0.15      0.22        27
          43       0.75      0.10      0.18        30
          44       0.27      0.36      0.31        22
          45       0.00      0.00      0.00        15
          46       0.00      0.00      0.00        16
          47       0.00      0.00      0.00        16
          48       0.00      0.00      0.00         1
          49       0.00      0.00      0.00         5
          50       0.67      0.29      0.40        28
          51       0.00      0.00      0.00         4

    accuracy                           0.80     12739
   macro avg       0.36      0.27      0.28     12739
weighted avg       0.78      0.80      0.78     12739