R8 :

RESULTS : 
              precision    recall  f1-score   support

         acq       0.83      0.87      0.85      3651
       crude       0.85      0.63      0.73       589
        earn       0.96      0.77      0.85      6291
       grain       0.33      0.63      0.43        83
    interest       0.45      0.78      0.57       449
    money-fx       0.19      0.32      0.24       465
        ship       0.57      0.88      0.69       233
       trade       0.46      0.80      0.59       516

    accuracy                           0.78     12277
   macro avg       0.58      0.71      0.62     12277
weighted avg       0.84      0.78      0.80     12277


OH :

RESULTS : 
              precision    recall  f1-score   support

         C01       0.35      0.18      0.24       339
         C02       0.29      0.50      0.36       123
         C03       0.26      0.28      0.27        85
         C04       0.71      0.27      0.39      1649
         C05       0.26      0.22      0.24       341
         C06       0.34      0.23      0.27       564
         C07       0.05      0.30      0.08        97
         C08       0.12      0.07      0.09       397
         C09       0.04      0.16      0.07       104
         C10       0.40      0.19      0.26       875
         C11       0.11      0.27      0.15       196
         C12       0.23      0.07      0.11       533
         C13       0.27      0.34      0.30       310
         C14       0.69      0.40      0.51      1896
         C15       0.05      0.28      0.09       213
         C16       0.09      0.17      0.12       207
         C17       0.28      0.26      0.27       371
         C18       0.25      0.38      0.30       526
         C19       0.07      0.22      0.11       144
         C20       0.26      0.07      0.10       658
         C21       0.21      0.54      0.30       897
         C22       0.02      0.32      0.03        31
         C23       0.18      0.03      0.06      1283

    accuracy                           0.25     11839
   macro avg       0.24      0.25      0.21     11839
weighted avg       0.38      0.25      0.27     11839



R52 :

RESULTS : 
                 precision    recall  f1-score   support

            acq       0.88      0.74      0.81      3679
           alum       0.19      0.28      0.22        82
            bop       0.10      0.47      0.17        53
        carcass       0.18      0.59      0.28        17
          cocoa       0.53      0.66      0.59        95
         coffee       0.59      0.42      0.49       189
         copper       0.39      0.43      0.41        68
         cotton       0.35      0.44      0.39        41
            cpi       0.47      0.36      0.41       110
            cpu       0.12      0.33      0.17         6
          crude       0.92      0.38      0.54       594
            dlr       0.50      0.09      0.15        11
           earn       0.97      0.71      0.82      6284
           fuel       0.10      0.50      0.17        16
            gas       0.07      0.50      0.12        28
            gnp       0.26      0.46      0.33       106
           gold       0.75      0.64      0.69       140
          grain       0.30      0.22      0.25        82
           heat       0.26      0.88      0.40        16
        housing       0.08      0.42      0.14        26
         income       0.11      0.32      0.16        19
    instal-debt       0.04      0.60      0.07        10
       interest       0.79      0.56      0.66       440
            ipi       0.55      0.56      0.56        71
     iron-steel       0.15      0.38      0.22        60
            jet       0.00      0.00      0.00         6
           jobs       0.15      0.33      0.21        82
           lead       0.17      0.64      0.26        11
            lei       0.52      0.50      0.51        22
      livestock       0.18      0.23      0.20        31
         lumber       0.30      0.41      0.35        17
      meal-feed       0.04      0.17      0.07        12
       money-fx       0.24      0.31      0.27       481
   money-supply       0.27      0.28      0.28       237
        nat-gas       0.12      0.68      0.20        57
         nickel       0.02      0.14      0.04         7
         orange       0.23      0.44      0.30        32
       pet-chem       0.01      0.03      0.01        36
       platinum       0.01      0.33      0.01         3
         potato       0.21      0.75      0.33         8
       reserves       0.26      0.62      0.37        73
         retail       0.04      0.21      0.07        29
         rubber       0.28      0.34      0.31        71
           ship       0.60      0.77      0.67       225
strategic-metal       0.03      0.24      0.05        21
          sugar       0.75      0.40      0.52       195
            tea       0.00      0.00      0.00        10
            tin       0.08      0.43      0.14        47
          trade       0.58      0.66      0.62       495
        veg-oil       0.18      0.65      0.29        46
            wpi       0.14      0.45      0.22        38
           zinc       0.15      0.08      0.11        24

       accuracy                           0.64     14559
      macro avg       0.29      0.42      0.30     14559
   weighted avg       0.80      0.64      0.70     14559