R8 :
RESULTS : 
              precision    recall  f1-score   support

         acq       0.83      0.87      0.85      3228
       crude       0.90      0.67      0.77       513
        earn       0.96      0.77      0.85      5466
       grain       0.51      0.56      0.53        75
    interest       0.44      0.72      0.55       374
    money-fx       0.20      0.38      0.27       423
        ship       0.53      0.90      0.66       202
       trade       0.47      0.81      0.60       462

    accuracy                           0.78     10743
   macro avg       0.60      0.71      0.63     10743
weighted avg       0.84      0.78      0.80     10743

OH :
RESULTS : 
              precision    recall  f1-score   support

         C01       0.23      0.17      0.19       321
         C02       0.23      0.48      0.31        99
         C03       0.34      0.35      0.34        72
         C04       0.65      0.28      0.39      1431
         C05       0.28      0.32      0.30       317
         C06       0.29      0.20      0.24       517
         C07       0.10      0.43      0.16        91
         C08       0.18      0.09      0.12       353
         C09       0.07      0.20      0.10        94
         C10       0.40      0.18      0.25       771
         C11       0.15      0.35      0.22       172
         C12       0.34      0.09      0.15       471
         C13       0.28      0.36      0.31       289
         C14       0.70      0.42      0.53      1648
         C15       0.07      0.17      0.10       187
         C16       0.09      0.15      0.11       178
         C17       0.28      0.21      0.24       329
         C18       0.28      0.44      0.34       460
         C19       0.11      0.19      0.14       113
         C20       0.18      0.08      0.11       538
         C21       0.23      0.55      0.32       754
         C22       0.01      0.57      0.03        28
         C23       0.21      0.03      0.06      1126

    accuracy                           0.26     10359
   macro avg       0.25      0.27      0.22     10359
weighted avg       0.37      0.26      0.28     10359



R52 :
RESULTS : 
                 precision    recall  f1-score   support

            acq       0.87      0.69      0.77      3200
           alum       0.33      0.32      0.33        69
            bop       0.26      0.55      0.36        51
        carcass       0.16      0.46      0.24        13
          cocoa       0.54      0.60      0.57        83
         coffee       0.63      0.50      0.56       156
         copper       0.44      0.43      0.43        58
         cotton       0.41      0.84      0.55        31
            cpi       0.32      0.27      0.29        90
            cpu       0.05      0.20      0.08         5
          crude       0.94      0.38      0.54       536
            dlr       0.21      0.38      0.27         8
           earn       0.98      0.68      0.80      5498
           fuel       0.14      0.85      0.24        13
            gas       0.07      0.65      0.13        20
            gnp       0.23      0.48      0.31       104
           gold       0.62      0.64      0.63       120
          grain       0.39      0.32      0.35        68
           heat       0.14      0.93      0.24        14
        housing       0.04      0.30      0.08        23
         income       0.13      0.31      0.18        16
    instal-debt       0.01      0.71      0.02         7
       interest       0.76      0.60      0.67       383
            ipi       0.65      0.56      0.60        66
     iron-steel       0.09      0.18      0.12        49
            jet       0.17      1.00      0.29         3
           jobs       0.46      0.39      0.42        62
           lead       0.09      0.45      0.14        11
            lei       0.43      0.90      0.58        20
      livestock       0.29      0.37      0.32        27
         lumber       0.17      0.62      0.27        13
      meal-feed       0.15      0.44      0.22         9
       money-fx       0.22      0.32      0.26       408
   money-supply       0.43      0.45      0.44       211
        nat-gas       0.11      0.60      0.19        53
         nickel       0.02      0.14      0.04         7
         orange       0.28      0.46      0.35        28
       pet-chem       0.07      0.38      0.12        29
       platinum       0.00      0.00      0.00         6
         potato       0.40      0.50      0.44         8
       reserves       0.33      0.62      0.43        76
         retail       0.12      0.39      0.19        33
         rubber       0.44      0.53      0.48        57
           ship       0.53      0.79      0.63       200
strategic-metal       0.02      0.30      0.04        20
          sugar       0.72      0.44      0.55       171
            tea       0.09      0.67      0.16         6
            tin       0.11      0.47      0.18        38
          trade       0.56      0.70      0.63       472
        veg-oil       0.40      0.60      0.48        42
            wpi       0.19      0.76      0.30        29
           zinc       0.12      0.16      0.14        19

       accuracy                           0.63     12739
      macro avg       0.31      0.51      0.34     12739
   weighted avg       0.80      0.63      0.69     12739
