20% validation

r8:
RESULTS : 
              precision    recall  f1-score   support

           0       0.97      0.96      0.96      6272
           1       0.85      0.86      0.86      3688
           2       0.00      0.00      0.00       424
           3       0.14      0.14      0.14       228
           4       0.26      0.28      0.27       460
           5       0.56      0.84      0.67       585
           6       0.00      0.00      0.00        80
           7       0.35      0.47      0.40       540

    accuracy                           0.82     12277
   macro avg       0.39      0.44      0.41     12277
weighted avg       0.80      0.82      0.81     12277


oh:
RESULTS : 
              precision    recall  f1-score   support

           0       0.18      0.95      0.30      1640
           1       0.00      0.00      0.00       103
           2       0.00      0.00      0.00       897
           3       0.00      0.00      0.00       365
           4       0.00      0.00      0.00       308
           5       0.00      0.00      0.00       207
           6       0.64      0.89      0.75      1878
           7       0.00      0.00      0.00       214
           8       0.00      0.00      0.00       388
           9       0.00      0.00      0.00       541
          10       0.13      0.05      0.07      1310
          11       0.00      0.00      0.00       522
          12       0.00      0.00      0.00       642
          13       0.00      0.00      0.00       873
          14       0.00      0.00      0.00       356
          15       0.00      0.00      0.00       561
          16       0.00      0.00      0.00       122
          17       0.00      0.00      0.00       351
          18       0.00      0.00      0.00       213
          19       0.00      0.00      0.00       131
          20       0.00      0.00      0.00        95
          21       0.00      0.00      0.00        33
          22       0.00      0.00      0.00        89

    accuracy                           0.28     11839
   macro avg       0.04      0.08      0.05     11839
weighted avg       0.14      0.28      0.17     11839

r52:
RESULTS : 
              precision    recall  f1-score   support

           0       0.99      0.93      0.96      6272
           1       0.10      0.02      0.03       428
           2       0.80      0.95      0.87      3676
           3       0.00      0.00      0.00       190
           4       0.00      0.00      0.00       183
           5       0.00      0.00      0.00       247
           6       0.13      0.72      0.22       462
           7       0.00      0.00      0.00        31
           8       0.00      0.00      0.00        70
           9       0.00      0.00      0.00        46
          10       0.00      0.00      0.00       595
          11       0.00      0.00      0.00        60
          12       0.00      0.00      0.00        20
          13       0.00      0.00      0.00        31
          14       0.00      0.00      0.00        84
          15       0.00      0.00      0.00        12
          16       0.00      0.00      0.00        73
          17       0.00      0.00      0.00        30
          18       0.00      0.00      0.00        72
          19       0.00      0.00      0.00       145
          20       0.22      0.73      0.34       505
          21       0.00      0.00      0.00       107
          22       0.00      0.00      0.00       118
          23       0.00      0.00      0.00        81
          24       0.00      0.00      0.00       242
          25       0.00      0.00      0.00         7
          26       0.00      0.00      0.00        92
          27       0.00      0.00      0.00        86
          28       0.00      0.00      0.00        18
          29       0.00      0.00      0.00        64
          30       0.00      0.00      0.00        43
          31       0.00      0.00      0.00        25
          32       0.00      0.00      0.00        41
          33       0.00      0.00      0.00        39
          34       0.00      0.00      0.00         9
          35       0.00      0.00      0.00        21
          36       0.00      0.00      0.00         7
          37       0.00      0.00      0.00        49
          38       0.00      0.00      0.00        11
          39       0.00      0.00      0.00        10
          40       0.00      0.00      0.00         9
          41       0.00      0.00      0.00        64
          42       0.00      0.00      0.00        41
          43       0.00      0.00      0.00        31
          44       0.00      0.00      0.00        22
          45       0.00      0.00      0.00        17
          46       0.00      0.00      0.00        20
          47       0.00      0.00      0.00        18
          48       0.00      0.00      0.00         5
          49       0.00      0.00      0.00         5
          50       0.00      0.00      0.00        20
          51       0.00      0.00      0.00         5

    accuracy                           0.69     14559
   macro avg       0.04      0.06      0.05     14559
weighted avg       0.64      0.69      0.65     14559