30% validation:

r8:
Epoch 15/15
36/36 [==============================] - 107s 3s/step - loss: 0.4295 - accuracy: 0.8345 - val_loss: 0.4228 - val_accuracy: 0.8349
336/336 [==============================] - 59s 174ms/step
RESULTS : 
              precision    recall  f1-score   support

           0       0.98      0.96      0.97      5561
           1       0.85      0.95      0.90      3171
           2       0.24      0.62      0.35       353
           3       0.16      0.04      0.06       192
           4       0.24      0.03      0.05       442
           5       0.52      0.37      0.43       507
           6       0.00      0.00      0.00        75
           7       0.51      0.41      0.46       442

    accuracy                           0.83     10743
   macro avg       0.44      0.42      0.40     10743
weighted avg       0.82      0.83      0.82     10743


Process finished with exit code 0



oh:
Epoch 15/15
35/35 [==============================] - 95s 3s/step - loss: 2.2718 - accuracy: 0.3325 - val_loss: 2.2925 - val_accuracy: 0.3312
324/324 [==============================] - 58s 176ms/step
RESULTS : 
              precision    recall  f1-score   support

           0       0.60      0.79      0.68      1436
           1       0.00      0.00      0.00        86
           2       0.13      0.77      0.22       775
           3       0.00      0.00      0.00       350
           4       0.00      0.00      0.00       275
           5       0.00      0.00      0.00       187
           6       0.64      0.92      0.76      1630
           7       0.00      0.00      0.00       174
           8       0.00      0.00      0.00       355
           9       0.00      0.00      0.00       483
          10       0.13      0.17      0.15      1143
          11       0.00      0.00      0.00       450
          12       0.00      0.00      0.00       564
          13       0.00      0.00      0.00       767
          14       0.00      0.00      0.00       327
          15       0.00      0.00      0.00       483
          16       0.00      0.00      0.00        98
          17       0.00      0.00      0.00       303
          18       0.00      0.00      0.00       170
          19       0.00      0.00      0.00       120
          20       0.00      0.00      0.00        87
          21       0.00      0.00      0.00        29
          22       0.00      0.00      0.00        67

    accuracy                           0.33     10359
   macro avg       0.07      0.12      0.08     10359
weighted avg       0.21      0.33      0.25     10359




r52: 
Epoch 15/15
43/43 [==============================] - 116s 3s/step - loss: 1.0602 - accuracy: 0.7120 - val_loss: 1.0591 - val_accuracy: 0.7125
399/399 [==============================] - 65s 161ms/step
RESULTS : 
              precision    recall  f1-score   support

           0       0.99      0.95      0.97      5492
           1       0.15      0.03      0.05       380
           2       0.83      0.97      0.90      3182
           3       0.00      0.00      0.00       178
           4       0.00      0.00      0.00       162
           5       0.00      0.00      0.00       211
           6       0.18      0.72      0.28       420
           7       0.00      0.00      0.00        18
           8       0.00      0.00      0.00        63
           9       0.00      0.00      0.00        44
          10       0.25      0.78      0.38       536
          11       0.00      0.00      0.00        49
          12       0.00      0.00      0.00        14
          13       0.00      0.00      0.00        24
          14       0.00      0.00      0.00        63
          15       0.00      0.00      0.00         9
          16       0.00      0.00      0.00        63
          17       0.00      0.00      0.00        26
          18       0.00      0.00      0.00        68
          19       0.00      0.00      0.00       128
          20       0.22      0.13      0.16       465
          21       0.00      0.00      0.00        92
          22       0.00      0.00      0.00       107
          23       0.00      0.00      0.00        69
          24       0.00      0.00      0.00       207
          25       0.00      0.00      0.00         2
          26       0.00      0.00      0.00        93
          27       0.00      0.00      0.00        66
          28       0.00      0.00      0.00        11
          29       0.00      0.00      0.00        50
          30       0.00      0.00      0.00        35
          31       0.00      0.00      0.00        22
          32       0.00      0.00      0.00        40
          33       0.00      0.00      0.00        37
          34       0.00      0.00      0.00         8
          35       0.00      0.00      0.00        17
          36       0.00      0.00      0.00         4
          37       0.00      0.00      0.00        47
          38       0.00      0.00      0.00        13
          39       0.00      0.00      0.00        11
          40       0.00      0.00      0.00         5
          41       0.00      0.00      0.00        55
          42       0.00      0.00      0.00        29
          43       0.00      0.00      0.00        25
          44       0.00      0.00      0.00        19
          45       0.00      0.00      0.00        12
          46       0.00      0.00      0.00        16
          47       0.00      0.00      0.00        15
          48       0.00      0.00      0.00         4
          49       0.00      0.00      0.00         5
          50       0.00      0.00      0.00        23
          51       0.00      0.00      0.00         5

    accuracy                           0.71     12739
   macro avg       0.05      0.07      0.05     12739
weighted avg       0.66      0.71      0.67     12739
