R8 :
RESULTS : 
              precision    recall  f1-score   support

         acq       0.89      0.95      0.92      3232
       crude       0.89      0.87      0.88       512
        earn       0.97      0.95      0.96      5490
       grain       0.98      0.63      0.77        73
    interest       0.81      0.83      0.82       383
    money-fx       0.81      0.64      0.72       405
        ship       0.89      0.75      0.81       196
       trade       0.85      0.89      0.87       452

    accuracy                           0.92     10743
   macro avg       0.89      0.81      0.84     10743
weighted avg       0.92      0.92      0.92     10743

OH:
RESULTS : 
              precision    recall  f1-score   support

         C01       0.55      0.33      0.41       310
         C02       0.39      0.20      0.26        96
         C03       0.49      0.34      0.40        68
         C04       0.53      0.81      0.64      1472
         C05       0.41      0.40      0.41       310
         C06       0.42      0.33      0.37       497
         C07       0.00      0.00      0.00        90
         C08       0.46      0.09      0.14       350
         C09       0.75      0.07      0.13        84
         C10       0.42      0.47      0.44       781
         C11       0.53      0.25      0.34       167
         C12       0.35      0.22      0.27       474
         C13       0.49      0.48      0.49       276
         C14       0.54      0.85      0.66      1651
         C15       0.43      0.01      0.03       204
         C16       0.35      0.03      0.06       187
         C17       0.45      0.31      0.37       312
         C18       0.50      0.49      0.50       453
         C19       0.57      0.12      0.19       113
         C20       0.37      0.41      0.39       563
         C21       0.39      0.61      0.48       750
         C22       0.23      0.14      0.17        22
         C23       0.27      0.11      0.16      1129

    accuracy                           0.47     10359
   macro avg       0.43      0.31      0.32     10359
weighted avg       0.44      0.47      0.42     10359

R52 :
RESULTS : 
                 precision    recall  f1-score   support

            acq       0.84      0.94      0.89      3175
           alum       0.81      0.47      0.60        74
            bop       0.40      0.19      0.25        43
        carcass       0.50      0.50      0.50        14
          cocoa       0.90      0.83      0.86        86
         coffee       0.76      0.66      0.71       154
         copper       0.67      0.69      0.68        58
         cotton       1.00      0.64      0.78        36
            cpi       0.64      0.67      0.65       101
            cpu       1.00      0.67      0.80         6
          crude       0.77      0.84      0.81       516
            dlr       0.00      0.00      0.00        11
           earn       0.94      0.96      0.95      5488
           fuel       0.92      0.69      0.79        16
            gas       0.87      0.50      0.63        26
            gnp       0.58      0.60      0.59        98
           gold       0.87      0.76      0.81       130
          grain       0.52      0.49      0.50        68
           heat       1.00      0.31      0.48        16
        housing       1.00      0.37      0.54        27
         income       0.75      0.35      0.48        17
    instal-debt       0.00      0.00      0.00         8
       interest       0.73      0.83      0.78       364
            ipi       0.86      0.68      0.76        73
     iron-steel       0.64      0.34      0.44        53
            jet       0.00      0.00      0.00         4
           jobs       0.76      0.50      0.60        70
           lead       1.00      0.17      0.29        12
            lei       0.75      0.75      0.75        16
      livestock       0.38      0.12      0.19        24
         lumber       1.00      0.20      0.33        15
      meal-feed       1.00      0.11      0.20         9
       money-fx       0.69      0.57      0.62       419
   money-supply       0.70      0.72      0.71       201
        nat-gas       0.75      0.33      0.46        54
         nickel       0.00      0.00      0.00         8
         orange       0.85      0.38      0.52        29
       pet-chem       0.50      0.07      0.12        28
       platinum       0.00      0.00      0.00         4
         potato       1.00      0.20      0.33         5
       reserves       0.52      0.33      0.40        67
         retail       0.80      0.25      0.38        32
         rubber       0.83      0.58      0.68        59
           ship       0.76      0.68      0.72       203
strategic-metal       1.00      0.04      0.08        25
          sugar       0.70      0.78      0.74       178
            tea       0.00      0.00      0.00         6
            tin       0.79      0.56      0.66        39
          trade       0.76      0.86      0.80       483
        veg-oil       0.86      0.29      0.44        41
            wpi       0.69      0.29      0.41        31
           zinc       1.00      0.16      0.27        19

       accuracy                           0.86     12739
      macro avg       0.69      0.44      0.50     12739
   weighted avg       0.85      0.86      0.85     12739