R8 :

RESULTS : 
              precision    recall  f1-score   support

         acq       0.88      0.95      0.91      3680
       crude       0.91      0.85      0.88       602
        earn       0.97      0.95      0.96      6282
       grain       0.88      0.58      0.70        79
    interest       0.84      0.79      0.81       423
    money-fx       0.75      0.66      0.70       467
        ship       0.87      0.79      0.83       223
       trade       0.87      0.89      0.88       521

    accuracy                           0.92     12277
   macro avg       0.87      0.81      0.83     12277
weighted avg       0.92      0.92      0.92     12277

OH :
RESULTS : 
              precision    recall  f1-score   support

         C01       0.37      0.30      0.33       345
         C02       0.33      0.04      0.07       127
         C03       0.72      0.30      0.42        77
         C04       0.49      0.79      0.61      1623
         C05       0.41      0.30      0.35       365
         C06       0.44      0.22      0.29       581
         C07       0.47      0.28      0.35        97
         C08       0.32      0.13      0.19       378
         C09       0.33      0.14      0.19        96
         C10       0.39      0.48      0.43       901
         C11       0.36      0.32      0.34       184
         C12       0.35      0.18      0.24       544
         C13       0.46      0.44      0.45       313
         C14       0.57      0.85      0.68      1890
         C15       0.38      0.03      0.05       212
         C16       0.32      0.07      0.12       208
         C17       0.49      0.27      0.35       377
         C18       0.43      0.55      0.48       512
         C19       0.36      0.03      0.05       146
         C20       0.39      0.36      0.37       654
         C21       0.49      0.53      0.51       919
         C22       0.36      0.19      0.24        27
         C23       0.25      0.17      0.20      1263

    accuracy                           0.46     11839
   macro avg       0.41      0.30      0.32     11839
weighted avg       0.43      0.46      0.42     11839

R52 :

RESULTS : 
                 precision    recall  f1-score   support

            acq       0.84      0.94      0.89      3634
           alum       0.64      0.65      0.65        77
            bop       0.48      0.20      0.29        49
        carcass       0.36      0.24      0.29        17
          cocoa       0.85      0.74      0.79       106
         coffee       0.80      0.68      0.73       184
         copper       0.80      0.49      0.61        68
         cotton       0.90      0.43      0.58        42
            cpi       0.53      0.67      0.59       103
            cpu       1.00      0.67      0.80         6
          crude       0.79      0.80      0.79       594
            dlr       0.00      0.00      0.00        11
           earn       0.93      0.95      0.94      6315
           fuel       0.78      0.47      0.58        15
            gas       0.60      0.19      0.29        32
            gnp       0.70      0.63      0.66       113
           gold       0.82      0.72      0.77       147
          grain       0.88      0.33      0.47        86
           heat       1.00      0.50      0.67        16
        housing       0.00      0.00      0.00        29
         income       0.00      0.00      0.00        17
    instal-debt       0.00      0.00      0.00        12
       interest       0.69      0.86      0.77       434
            ipi       0.82      0.68      0.74        72
     iron-steel       0.69      0.14      0.23        65
            jet       0.00      0.00      0.00         5
           jobs       0.74      0.30      0.43        83
           lead       1.00      0.23      0.38        13
            lei       1.00      0.91      0.95        23
      livestock       0.25      0.03      0.06        29
         lumber       1.00      0.20      0.33        15
      meal-feed       1.00      0.08      0.15        12
       money-fx       0.69      0.52      0.59       477
   money-supply       0.80      0.52      0.63       253
        nat-gas       0.67      0.56      0.61        52
         nickel       0.00      0.00      0.00         6
         orange       1.00      0.46      0.63        39
       pet-chem       0.50      0.06      0.11        31
       platinum       0.00      0.00      0.00         4
         potato       1.00      0.33      0.50         9
       reserves       0.51      0.42      0.46        79
         retail       0.80      0.27      0.40        30
         rubber       0.69      0.64      0.66        58
           ship       0.71      0.75      0.73       220
strategic-metal       0.00      0.00      0.00        25
          sugar       0.67      0.77      0.72       191
            tea       1.00      0.11      0.20         9
            tin       0.88      0.74      0.80        38
          trade       0.73      0.88      0.79       513
        veg-oil       0.73      0.34      0.46        47
            wpi       0.72      0.53      0.61        34
           zinc       0.60      0.15      0.24        20

       accuracy                           0.85     14559
      macro avg       0.65      0.42      0.47     14559
   weighted avg       0.84      0.85      0.83     14559