R8 :

RESULTS : 
              precision    recall  f1-score   support

         acq       0.90      0.94      0.92      3647
       crude       0.86      0.87      0.86       586
        earn       0.96      0.95      0.96      6302
       grain       0.47      0.33      0.39        85
    interest       0.79      0.83      0.81       436
    money-fx       0.80      0.60      0.69       478
        ship       0.81      0.76      0.78       224
       trade       0.82      0.84      0.83       519

    accuracy                           0.91     12277
   macro avg       0.80      0.77      0.78     12277
weighted avg       0.91      0.91      0.91     12277

OH :

RESULTS : 
              precision    recall  f1-score   support

         C01       0.29      0.29      0.29       346
         C02       0.44      0.22      0.29       123
         C03       0.33      0.12      0.18        83
         C04       0.46      0.71      0.56      1646
         C05       0.32      0.24      0.27       346
         C06       0.32      0.29      0.31       558
         C07       0.12      0.06      0.08        98
         C08       0.19      0.14      0.16       398
         C09       0.12      0.07      0.09        95
         C10       0.36      0.30      0.32       903
         C11       0.55      0.14      0.22       200
         C12       0.22      0.15      0.18       544
         C13       0.42      0.26      0.32       301
         C14       0.52      0.73      0.61      1882
         C15       0.12      0.06      0.08       221
         C16       0.20      0.11      0.14       214
         C17       0.33      0.14      0.20       386
         C18       0.39      0.32      0.36       521
         C19       0.15      0.10      0.12       145
         C20       0.31      0.34      0.33       648
         C21       0.51      0.39      0.44       908
         C22       0.17      0.23      0.20        30
         C23       0.25      0.27      0.26      1243

    accuracy                           0.39     11839
   macro avg       0.31      0.25      0.26     11839
weighted avg       0.37      0.39      0.37     11839

R52 :

RESULTS : 
                 precision    recall  f1-score   support

            acq       0.87      0.93      0.90      3658
           alum       0.54      0.47      0.50        76
            bop       0.48      0.27      0.34        45
        carcass       0.50      0.12      0.20        16
          cocoa       0.77      0.67      0.72       102
         coffee       0.66      0.62      0.64       183
         copper       0.68      0.37      0.48        76
         cotton       0.93      0.33      0.49        42
            cpi       0.40      0.66      0.50       112
            cpu       0.00      0.00      0.00         7
          crude       0.82      0.75      0.78       632
            dlr       0.00      0.00      0.00         8
           earn       0.93      0.95      0.94      6240
           fuel       0.00      0.00      0.00        19
            gas       0.75      0.46      0.57        26
            gnp       0.56      0.57      0.57       118
           gold       0.84      0.70      0.76       152
          grain       0.33      0.18      0.23        78
           heat       0.57      0.29      0.38        14
        housing       0.00      0.00      0.00        29
         income       0.00      0.00      0.00        19
    instal-debt       0.50      0.25      0.33         4
       interest       0.67      0.79      0.72       438
            ipi       0.63      0.74      0.68        66
     iron-steel       0.34      0.38      0.36        60
            jet       0.00      0.00      0.00         5
           jobs       0.61      0.40      0.49        82
           lead       0.40      0.40      0.40        10
            lei       1.00      0.12      0.21        26
      livestock       0.61      0.41      0.49        27
         lumber       1.00      0.05      0.10        19
      meal-feed       0.00      0.00      0.00        11
       money-fx       0.61      0.61      0.61       471
   money-supply       0.81      0.60      0.69       248
        nat-gas       0.83      0.33      0.47        57
         nickel       0.20      0.17      0.18         6
         orange       0.43      0.16      0.24        37
       pet-chem       0.00      0.00      0.00        34
       platinum       0.00      0.00      0.00         6
         potato       0.00      0.00      0.00        10
       reserves       0.50      0.26      0.34        77
         retail       0.00      0.00      0.00        34
         rubber       0.46      0.61      0.52        61
           ship       0.76      0.76      0.76       225
strategic-metal       1.00      0.04      0.08        23
          sugar       0.46      0.84      0.59       187
            tea       0.00      0.00      0.00         9
            tin       0.36      0.20      0.26        44
          trade       0.70      0.79      0.74       525
        veg-oil       0.66      0.40      0.50        47
            wpi       0.29      0.14      0.19        37
           zinc       0.57      0.19      0.29        21

       accuracy                           0.83     14559
      macro avg       0.48      0.35      0.37     14559
   weighted avg       0.82      0.83      0.82     14559
