r8:
RESULTS : 
              precision    recall  f1-score   support

         acq       0.91      0.94      0.92      3226
       crude       0.92      0.84      0.88       541
        earn       0.96      0.96      0.96      5467
       grain       0.90      0.36      0.52        74
    interest       0.87      0.77      0.82       385
    money-fx       0.72      0.71      0.71       412
        ship       0.85      0.75      0.80       205
       trade       0.77      0.87      0.82       433

    accuracy                           0.92     10743
   macro avg       0.86      0.78      0.80     10743
weighted avg       0.92      0.92      0.92     10743


oh:
RESULTS : 
              precision    recall  f1-score   support

         C01       0.34      0.27      0.30       308
         C02       0.32      0.18      0.23       104
         C03       0.33      0.32      0.33        62
         C04       0.51      0.70      0.59      1462
         C05       0.31      0.23      0.26       320
         C06       0.40      0.29      0.34       514
         C07       0.44      0.12      0.19        92
         C08       0.16      0.14      0.15       342
         C09       0.15      0.17      0.16        96
         C10       0.40      0.42      0.41       778
         C11       0.44      0.13      0.20       183
         C12       0.26      0.20      0.23       478
         C13       0.32      0.24      0.27       274
         C14       0.58      0.76      0.66      1628
         C15       0.23      0.22      0.23       185
         C16       0.21      0.09      0.12       194
         C17       0.32      0.28      0.30       330
         C18       0.43      0.42      0.43       442
         C19       0.17      0.15      0.16       112
         C20       0.41      0.37      0.39       578
         C21       0.55      0.49      0.52       743
         C22       0.21      0.15      0.18        26
         C23       0.29      0.28      0.28      1108

    accuracy                           0.43     10359
   macro avg       0.34      0.29      0.30     10359
weighted avg       0.41      0.43      0.41     10359



r52: 
RESULTS : 
                 precision    recall  f1-score   support

            acq       0.89      0.93      0.91      3232
           alum       0.74      0.36      0.48        70
            bop       0.64      0.20      0.31        45
        carcass       1.00      0.42      0.59        12
          cocoa       0.62      0.85      0.72        81
         coffee       0.64      0.63      0.63       155
         copper       0.63      0.53      0.58        62
         cotton       1.00      0.29      0.45        34
            cpi       0.44      0.68      0.53        93
            cpu       0.00      0.00      0.00         7
          crude       0.80      0.82      0.81       533
            dlr       0.00      0.00      0.00         8
           earn       0.95      0.96      0.95      5518
           fuel       0.70      0.47      0.56        15
            gas       1.00      0.15      0.26        27
            gnp       0.66      0.77      0.71        98
           gold       0.75      0.76      0.76       123
          grain       0.84      0.28      0.42        75
           heat       1.00      0.54      0.70        13
        housing       1.00      0.38      0.55        24
         income       0.12      0.08      0.10        12
    instal-debt       0.00      0.00      0.00        10
       interest       0.77      0.79      0.78       385
            ipi       0.87      0.60      0.71        67
     iron-steel       0.44      0.27      0.33        52
            jet       0.00      0.00      0.00         5
           jobs       0.65      0.48      0.55        67
           lead       0.08      0.10      0.09        10
            lei       1.00      0.67      0.80        21
      livestock       0.71      0.25      0.37        20
         lumber       0.40      0.12      0.19        16
      meal-feed       0.00      0.00      0.00        10
       money-fx       0.75      0.67      0.71       403
   money-supply       0.78      0.76      0.77       202
        nat-gas       0.65      0.28      0.39        53
         nickel       0.00      0.00      0.00         7
         orange       0.80      0.33      0.47        36
       pet-chem       0.50      0.16      0.24        31
       platinum       0.00      0.00      0.00         5
         potato       0.67      0.57      0.62         7
       reserves       0.55      0.34      0.42        71
         retail       0.34      0.48      0.40        23
         rubber       0.43      0.57      0.49        54
           ship       0.74      0.80      0.77       194
strategic-metal       0.00      0.00      0.00        19
          sugar       0.56      0.82      0.66       159
            tea       0.00      0.00      0.00         5
            tin       0.64      0.60      0.62        35
          trade       0.69      0.81      0.74       447
        veg-oil       0.73      0.54      0.62        41
            wpi       0.38      0.44      0.41        27
           zinc       0.00      0.00      0.00        20

       accuracy                           0.86     12739
      macro avg       0.55      0.41      0.45     12739
   weighted avg       0.85      0.86      0.85     12739



