R8 :

RESULTS : 
              precision    recall  f1-score   support

         acq       0.88      0.95      0.91      3648
       crude       0.90      0.79      0.84       602
        earn       0.96      0.96      0.96      6296
       grain       0.40      0.28      0.33        83
    interest       0.89      0.82      0.85       425
    money-fx       0.78      0.61      0.68       477
        ship       0.73      0.57      0.64       232
       trade       0.85      0.79      0.82       514

    accuracy                           0.91     12277
   macro avg       0.80      0.72      0.76     12277
weighted avg       0.91      0.91      0.91     12277

OH :

RESULTS : 
              precision    recall  f1-score   support

         C01       0.49      0.42      0.45       336
         C02       0.31      0.23      0.26       119
         C03       0.33      0.14      0.20        84
         C04       0.56      0.76      0.64      1656
         C05       0.57      0.27      0.37       366
         C06       0.47      0.40      0.43       560
         C07       0.59      0.22      0.32       103
         C08       0.62      0.22      0.33       403
         C09       0.34      0.21      0.26        96
         C10       0.44      0.54      0.48       856
         C11       0.35      0.19      0.25       210
         C12       0.43      0.30      0.36       536
         C13       0.62      0.42      0.50       293
         C14       0.58      0.82      0.67      1861
         C15       0.35      0.25      0.29       219
         C16       0.44      0.20      0.28       215
         C17       0.65      0.31      0.42       379
         C18       0.51      0.44      0.47       526
         C19       0.29      0.24      0.26       134
         C20       0.42      0.42      0.42       653
         C21       0.55      0.54      0.55       896
         C22       0.29      0.12      0.17        32
         C23       0.33      0.33      0.33      1306

    accuracy                           0.50     11839
   macro avg       0.46      0.35      0.38     11839
weighted avg       0.49      0.50      0.48     11839

R52 :

RESULTS : 
                 precision    recall  f1-score   support

            acq       0.84      0.92      0.88      3662
           alum       0.62      0.37      0.46        82
            bop       0.40      0.40      0.40        43
        carcass       0.18      0.16      0.17        19
          cocoa       0.71      0.52      0.60        92
         coffee       0.63      0.50      0.56       181
         copper       0.29      0.20      0.24        75
         cotton       0.22      0.12      0.15        43
            cpi       0.50      0.56      0.53       110
            cpu       0.33      0.43      0.38         7
          crude       0.72      0.74      0.73       615
            dlr       0.33      0.09      0.14        11
           earn       0.91      0.95      0.93      6262
           fuel       0.00      0.00      0.00        22
            gas       0.26      0.26      0.26        27
            gnp       0.52      0.49      0.50       113
           gold       0.76      0.49      0.60       142
          grain       0.57      0.20      0.30        80
           heat       0.53      0.60      0.56        15
        housing       0.15      0.19      0.17        27
         income       0.33      0.60      0.43        15
    instal-debt       0.22      0.50      0.31         8
       interest       0.78      0.70      0.73       428
            ipi       0.48      0.35      0.41        68
     iron-steel       0.33      0.21      0.26        61
            jet       0.09      0.20      0.13         5
           jobs       0.54      0.34      0.42        76
           lead       0.00      0.00      0.00        14
            lei       0.26      0.22      0.24        23
      livestock       0.60      0.19      0.29        32
         lumber       0.43      0.38      0.40        16
      meal-feed       0.05      0.09      0.06        11
       money-fx       0.61      0.57      0.59       474
   money-supply       0.70      0.61      0.65       241
        nat-gas       0.33      0.41      0.37        54
         nickel       0.20      0.50      0.29         4
         orange       0.45      0.14      0.22        35
       pet-chem       0.11      0.03      0.05        35
       platinum       0.33      0.20      0.25         5
         potato       0.17      0.25      0.20         8
       reserves       0.35      0.51      0.41        73
         retail       0.21      0.23      0.22        31
         rubber       0.47      0.21      0.29        66
           ship       0.67      0.38      0.49       236
strategic-metal       0.12      0.17      0.14        24
          sugar       0.57      0.67      0.62       196
            tea       0.05      0.11      0.07         9
            tin       0.26      0.11      0.15        47
          trade       0.76      0.73      0.75       531
        veg-oil       0.23      0.12      0.16        48
            wpi       0.38      0.26      0.31        38
           zinc       0.30      0.37      0.33        19

       accuracy                           0.81     14559
      macro avg       0.40      0.36      0.36     14559
   weighted avg       0.79      0.81      0.80     14559
