r8:
RESULTS : 
              precision    recall  f1-score   support

         acq       0.93      0.95      0.94      3190
       crude       0.88      0.88      0.88       520
        earn       0.97      0.97      0.97      5511
       grain       0.60      0.26      0.36        81
    interest       0.82      0.78      0.80       381
    money-fx       0.77      0.72      0.75       408
        ship       0.80      0.76      0.78       185
       trade       0.89      0.86      0.87       467

    accuracy                           0.93     10743
   macro avg       0.83      0.77      0.79     10743
weighted avg       0.93      0.93      0.93     10743

oh:
RESULTS : 
              precision    recall  f1-score   support

         C01       0.62      0.38      0.47       321
         C02       0.39      0.30      0.34       105
         C03       0.36      0.25      0.30        72
         C04       0.61      0.77      0.68      1456
         C05       0.65      0.43      0.52       306
         C06       0.62      0.47      0.53       480
         C07       0.45      0.45      0.45        83
         C08       0.63      0.25      0.36       362
         C09       0.37      0.25      0.29        93
         C10       0.52      0.49      0.50       786
         C11       0.73      0.30      0.43       175
         C12       0.52      0.39      0.45       452
         C13       0.71      0.42      0.53       281
         C14       0.63      0.81      0.71      1656
         C15       0.64      0.32      0.42       183
         C16       0.48      0.36      0.41       185
         C17       0.65      0.41      0.50       335
         C18       0.57      0.57      0.57       451
         C19       0.47      0.33      0.39       119
         C20       0.49      0.49      0.49       592
         C21       0.57      0.56      0.57       755
         C22       0.36      0.38      0.37        26
         C23       0.32      0.45      0.37      1085

    accuracy                           0.55     10359
   macro avg       0.54      0.43      0.46     10359
weighted avg       0.56      0.55      0.54     10359



r52: 
RESULTS : 
                 precision    recall  f1-score   support

            acq       0.88      0.91      0.89      3164
           alum       0.52      0.37      0.43        70
            bop       0.49      0.47      0.48        45
        carcass       0.38      0.33      0.35        18
          cocoa       0.91      0.70      0.79        86
         coffee       0.77      0.62      0.69       158
         copper       0.60      0.36      0.45        66
         cotton       0.58      0.44      0.50        32
            cpi       0.62      0.47      0.53       105
            cpu       1.00      0.14      0.25         7
          crude       0.76      0.78      0.77       530
            dlr       1.00      0.33      0.50         9
           earn       0.93      0.96      0.95      5525
           fuel       0.20      0.16      0.18        19
            gas       0.40      0.12      0.19        32
            gnp       0.62      0.68      0.65       107
           gold       0.88      0.69      0.77       124
          grain       0.36      0.23      0.28        73
           heat       0.14      0.29      0.19        14
        housing       0.44      0.29      0.35        28
         income       0.56      0.33      0.42        15
    instal-debt       0.50      0.50      0.50         8
       interest       0.78      0.77      0.78       365
            ipi       0.50      0.24      0.33        66
     iron-steel       0.49      0.37      0.42        51
            jet       1.00      1.00      1.00         2
           jobs       0.76      0.54      0.63        70
           lead       0.64      0.64      0.64        11
            lei       0.26      0.29      0.28        17
      livestock       0.23      0.21      0.22        28
         lumber       0.16      0.16      0.16        19
      meal-feed       0.25      0.40      0.31        10
       money-fx       0.66      0.68      0.67       419
   money-supply       0.71      0.67      0.69       207
        nat-gas       0.31      0.40      0.35        50
         nickel       1.00      0.14      0.25         7
         orange       0.89      0.74      0.81        23
       pet-chem       0.60      0.36      0.45        25
       platinum       0.20      0.33      0.25         3
         potato       0.75      0.60      0.67         5
       reserves       0.46      0.37      0.41        70
         retail       0.30      0.30      0.30        23
         rubber       0.52      0.29      0.37        59
           ship       0.81      0.66      0.73       193
strategic-metal       0.71      0.22      0.33        23
          sugar       0.61      0.81      0.70       170
            tea       0.14      0.14      0.14         7
            tin       0.27      0.23      0.25        39
          trade       0.75      0.77      0.76       454
        veg-oil       0.53      0.45      0.49        40
            wpi       0.33      0.29      0.31        31
           zinc       0.28      0.41      0.33        17

       accuracy                           0.84     12739
      macro avg       0.57      0.46      0.48     12739
   weighted avg       0.83      0.84      0.83     12739