R8 80% TRAIN 20% VAL :

              precision    recall  f1-score   support

           0       0.51      0.97      0.67        37
           1       0.98      0.98      0.98      1372
           2       0.94      0.97      0.95       230
           3       0.88      0.91      0.90       176
           4       0.94      0.98      0.96       230
           5       0.98      0.99      0.99      2324
           6       0.93      0.89      0.91       157
           7       0.00      0.00      0.00        78

    accuracy                           0.96      4604
   macro avg       0.77      0.84      0.80      4604
weighted avg       0.95      0.96      0.96      4604

R8 70% TRAIN 30% VAL

              precision    recall  f1-score   support

           0       1.00      0.47      0.64       152
           1       0.89      0.96      0.92       192
           2       0.98      0.99      0.98      2380
           3       0.80      0.98      0.88       172
           4       0.84      0.93      0.88        28
           5       0.96      0.86      0.91        85
           6       0.93      0.96      0.95       217
           7       0.97      0.97      0.97      1378

    accuracy                           0.96      4604
   macro avg       0.92      0.89      0.89      4604
weighted avg       0.96      0.96      0.96      4604



R52 80% TRAIN 20% VAL
              precision    recall  f1-score   support

           0       0.00      0.00      0.00         2
           1       0.00      0.00      0.00        17
           2       0.00      0.00      0.00         2
           3       1.00      0.92      0.96        12
           4       0.00      0.00      0.00        31
           5       0.00      0.00      0.00         6
           6       0.00      0.00      0.00         5
           7       0.00      0.00      0.00         7
           8       1.00      1.00      1.00         1
           9       0.00      0.00      0.00        14
          10       0.77      0.97      0.86       185
          11       0.00      0.00      0.00         4
          12       0.00      0.00      0.00        13
          13       0.84      0.85      0.85       171
          14       0.00      0.00      0.00         3
          15       0.86      0.83      0.85        30
          16       0.00      0.00      0.00         2
          17       0.43      0.60      0.50         5
          18       0.91      0.98      0.94        50
          19       0.00      0.00      0.00        17
          20       0.90      0.96      0.93       246
          21       0.00      0.00      0.00         7
          22       0.76      0.83      0.79        23
          23       0.90      0.93      0.92        30
          24       0.77      1.00      0.87        23
          25       0.00      0.00      0.00         9
          26       0.00      0.00      0.00        53
          27       1.00      0.11      0.20         9
          28       0.75      0.86      0.80         7
          29       0.78      0.95      0.86        22
          30       0.00      0.00      0.00        13
          31       0.60      0.75      0.67         4
          32       0.98      0.99      0.98      2371
          33       0.40      1.00      0.57         2
          34       0.86      1.00      0.93        19
          35       0.00      0.00      0.00         1
          36       1.00      1.00      1.00         8
          37       0.93      0.98      0.96        66
          38       0.78      0.94      0.85        88
          39       0.40      1.00      0.57        41
          40       0.00      0.00      0.00         3
          41       0.86      0.55      0.67        11
          42       0.84      0.87      0.85        30
          43       0.91      1.00      0.95        39
          44       0.97      0.97      0.97      1380
          45       0.96      0.99      0.97        74
          46       0.00      0.00      0.00        28
          47       1.00      0.87      0.93        15
          48       0.85      0.93      0.89       147
          49       0.82      1.00      0.90        27
          50       0.25      0.50      0.33         2
          51       0.88      0.98      0.93        85

    accuracy                           0.93      5460
   macro avg       0.50      0.54      0.50      5460
weighted avg       0.90      0.93      0.91      5460




R52 70% TRAIN 30% VAL
              precision    recall  f1-score   support

           0       0.00      0.00      0.00        13
           1       0.33      0.50      0.40         4
           2       0.58      0.88      0.70         8
           3       0.00      0.00      0.00        25
           4       0.00      0.00      0.00         1
           5       0.67      0.84      0.74        31
           6       0.50      0.36      0.42        11
           7       0.81      0.96      0.88       242
           8       0.00      0.00      0.00         4
           9       0.00      0.00      0.00         2
          10       0.66      0.92      0.77        25
          11       0.00      0.00      0.00        14
          12       0.00      0.00      0.00        14
          13       0.00      0.00      0.00        15
          14       0.00      0.00      0.00        13
          15       0.69      0.73      0.71        15
          16       0.00      0.00      0.00        56
          17       0.91      1.00      0.95        69
          18       0.72      0.92      0.81        92
          19       0.24      0.68      0.35        19
          20       0.79      0.90      0.84       154
          21       0.63      0.57      0.60        21
          22       0.00      0.00      0.00        10
          23       0.89      0.89      0.89       176
          24       0.97      0.99      0.98      2352
          25       0.74      0.96      0.84       198
          26       0.43      0.60      0.50         5
          27       0.00      0.00      0.00         6
          28       0.92      0.95      0.94        38
          29       0.00      0.00      0.00         7
          30       0.00      0.00      0.00        21
          31       0.88      0.96      0.92        85
          32       0.96      0.97      0.96      1354
          33       1.00      1.00      1.00         2
          34       0.00      0.00      0.00         2
          35       0.00      0.00      0.00         9
          36       0.38      0.80      0.52        10
          37       0.93      0.93      0.93        29
          38       1.00      1.00      1.00        12
          39       0.72      0.97      0.83        39
          40       0.00      0.00      0.00        29
          41       0.75      0.67      0.71         9
          42       0.00      0.00      0.00         6
          43       0.62      0.95      0.75        44
          44       0.00      0.00      0.00        93
          45       0.00      0.00      0.00         3
          47       0.00      0.00      0.00         8
          48       0.00      0.00      0.00         3
          49       0.00      0.00      0.00        34
          50       0.00      0.00      0.00         4
          51       0.00      0.00      0.00        24

    accuracy                           0.89      5460
   macro avg       0.37      0.43      0.39      5460
weighted avg       0.85      0.89      0.87      5460


OH 80% TRAIN 20% VAL

              precision    recall  f1-score   support

           0       0.85      0.83      0.84       139
           1       0.90      0.80      0.85        71
           2       0.87      0.82      0.84       133
           3       0.90      0.86      0.88       201
           4       0.82      0.62      0.71        37
           5       0.89      0.92      0.90       620
           6       0.90      0.83      0.87       101
           7       0.00      0.00      0.00        12
           8       0.82      0.80      0.81       144
           9       0.72      0.73      0.73       458
          10       0.89      0.94      0.91       688
          11       0.88      0.83      0.86        82
          12       0.94      0.80      0.87        56
          13       1.00      0.82      0.90        33
          14       0.86      0.57      0.69        56
          15       0.90      0.85      0.87       143
          16       0.85      0.89      0.87       318
          17       0.84      0.85      0.85       358
          18       0.85      0.71      0.78        80
          19       0.90      0.89      0.89       210
          20       0.87      0.87      0.87       217
          21       0.77      0.73      0.75        37
          22       0.79      0.88      0.83       246

    accuracy                           0.85      4440
   macro avg       0.83      0.78      0.80      4440
weighted avg       0.85      0.85      0.85      4440


OH 70% TRAIN 30% VAL
              precision    recall  f1-score   support

           0       0.88      0.85      0.86       209
           1       0.82      0.81      0.81       137
           2       0.78      0.86      0.82       111
           3       0.83      0.71      0.76        73
           4       0.84      0.57      0.68        47
           5       0.86      0.87      0.87       137
           6       0.00      0.00      0.00         3
           7       0.72      0.69      0.70       142
           8       0.84      0.90      0.87       680
           9       0.76      0.52      0.62        50
          10       0.00      0.00      0.00        39
          11       0.78      0.79      0.78       113
          12       0.82      0.83      0.83       348
          13       0.90      0.87      0.88       202
          14       0.75      0.60      0.67        75
          15       0.88      0.75      0.81        93
          16       1.00      0.76      0.86        29
          17       0.87      0.93      0.89       641
          18       0.79      0.86      0.82       247
          19       0.91      0.87      0.89       223
          20       0.68      0.73      0.70       488
          21       0.88      0.68      0.77        41
          22       0.88      0.84      0.86       312

    accuracy                           0.82      4440
   macro avg       0.76      0.71      0.73      4440
weighted avg       0.82      0.82      0.82      4440
