30% validation:

r8:
Epoch 15/15
36/36 [==============================] - 41s 1s/step - loss: 0.0553 - accuracy: 0.9802 - val_loss: 0.1281 - val_accuracy: 0.9612
336/336 [==============================] - 16s 47ms/step
[1 2 0 ... 0 2 0]
RESULTS : 
              precision    recall  f1-score   support

           0       0.98      0.99      0.99      5445
           1       0.98      0.96      0.97      3218
           2       0.90      0.87      0.89       394
           3       0.83      0.95      0.89       197
           4       0.76      0.89      0.82       423
           5       0.97      0.91      0.94       538
           6       0.70      0.57      0.63        74
           7       0.92      0.92      0.92       454

    accuracy                           0.96     10743
   macro avg       0.88      0.88      0.88     10743
weighted avg       0.96      0.96      0.96     10743


oh:
Epoch 15/15
35/35 [==============================] - 41s 1s/step - loss: 1.2649 - accuracy: 0.6175 - val_loss: 1.9545 - val_accuracy: 0.4616
324/324 [==============================] - 15s 45ms/step
RESULTS : 
              precision    recall  f1-score   support

           0       0.88      0.52      0.66      1497
           1       0.00      0.00      0.00        85
           2       0.72      0.52      0.61       778
           3       0.27      0.26      0.27       326
           4       0.34      0.47      0.39       265
           5       0.00      0.00      0.00       179
           6       0.71      0.90      0.79      1603
           7       0.13      0.10      0.11       177
           8       0.35      0.32      0.33       344
           9       0.40      0.23      0.29       469
          10       0.22      0.56      0.32      1085
          11       0.62      0.66      0.64       445
          12       0.70      0.35      0.46       569
          13       0.37      0.55      0.44       803
          14       0.15      0.13      0.14       317
          15       0.29      0.20      0.24       515
          16       0.00      0.00      0.00       108
          17       0.14      0.07      0.10       323
          18       0.08      0.02      0.03       178
          19       0.00      0.00      0.00       118
          20       0.00      0.00      0.00        81
          21       0.00      0.00      0.00        27
          22       0.00      0.00      0.00        67

    accuracy                           0.46     10359
   macro avg       0.28      0.25      0.25     10359
weighted avg       0.48      0.46      0.45     10359



r52: 
Epoch 15/15
43/43 [==============================] - 47s 1s/step - loss: 0.3242 - accuracy: 0.9091 - val_loss: 0.5227 - val_accuracy: 0.8855
399/399 [==============================] - 18s 45ms/step

RESULTS : 
              precision    recall  f1-score   support

           0       0.97      0.99      0.98      5497
           1       0.83      0.84      0.84       376
           2       0.95      0.94      0.94      3208
           3       0.79      0.90      0.84       163
           4       0.53      0.98      0.69       156
           5       0.84      0.72      0.78       197
           6       0.70      0.84      0.76       404
           7       0.00      0.00      0.00        28
           8       0.50      0.34      0.40        62
           9       0.64      0.68      0.66        40
          10       0.85      0.92      0.88       533
          11       0.50      0.45      0.47        47
          12       1.00      0.07      0.12        15
          13       0.29      0.16      0.21        25
          14       0.44      0.30      0.36        80
          15       0.00      0.00      0.00        12
          16       0.68      0.84      0.75        55
          17       0.26      0.25      0.25        28
          18       0.84      0.44      0.58        72
          19       0.78      0.90      0.84       131
          20       0.77      0.92      0.84       459
          21       0.70      0.54      0.61       104
          22       0.46      0.76      0.57        93
          23       0.42      0.68      0.52        72
          24       0.79      0.88      0.83       213
          25       0.00      0.00      0.00         4
          26       0.90      0.79      0.84        84
          27       0.21      0.27      0.24        67
          28       0.00      0.00      0.00        16
          29       0.39      0.12      0.18        60
          30       0.44      0.38      0.41        32
          31       0.00      0.00      0.00        20
          32       0.00      0.00      0.00        41
          33       0.60      0.09      0.16        33
          34       0.00      0.00      0.00        10
          35       0.00      0.00      0.00        19
          36       0.00      0.00      0.00         4
          37       1.00      0.44      0.61        43
          38       0.00      0.00      0.00        11
          39       0.00      0.00      0.00        11
          40       0.00      0.00      0.00         8
          41       0.60      0.49      0.54        51
          42       0.00      0.00      0.00        32
          43       1.00      0.17      0.29        30
          44       0.00      0.00      0.00        17
          45       0.00      0.00      0.00        10
          46       0.00      0.00      0.00        11
          47       0.00      0.00      0.00        18
          48       0.00      0.00      0.00         4
          49       0.00      0.00      0.00         4
          50       0.00      0.00      0.00        24
          51       0.00      0.00      0.00         5

    accuracy                           0.89     12739
   macro avg       0.40      0.35      0.35     12739
weighted avg       0.87      0.89      0.87     12739
