20% validation:

r8:
RESULTS : 
              precision    recall  f1-score   support

           0       0.99      0.98      0.98      6270
           1       0.96      0.97      0.96      3682
           2       0.85      0.80      0.83       424
           3       0.78      0.85      0.82       229
           4       0.75      0.77      0.76       469
           5       0.87      0.91      0.89       594
           6       0.47      0.08      0.14        83
           7       0.90      0.92      0.91       526

    accuracy                           0.95     12277
   macro avg       0.82      0.79      0.79     12277
weighted avg       0.95      0.95      0.95     12277

oh:
RESULTS : 
              precision    recall  f1-score   support

           0       0.49      0.86      0.63      1623
           1       0.00      0.00      0.00       104
           2       0.37      0.67      0.48       868
           3       0.12      0.09      0.10       382
           4       0.10      0.01      0.02       309
           5       0.00      0.00      0.00       199
           6       0.81      0.74      0.77      1880
           7       0.00      0.00      0.00       214
           8       0.00      0.00      0.00       401
           9       0.31      0.29      0.30       551
          10       0.24      0.21      0.22      1300
          11       0.48      0.67      0.56       519
          12       0.24      0.67      0.36       649
          13       0.42      0.21      0.28       878
          14       0.39      0.03      0.06       354
          15       0.18      0.24      0.20       571
          16       0.00      0.00      0.00       123
          17       0.00      0.00      0.00       344
          18       0.00      0.00      0.00       217
          19       0.00      0.00      0.00       138
          20       0.00      0.00      0.00       102
          21       0.00      0.00      0.00        31
          22       0.00      0.00      0.00        82

    accuracy                           0.42     11839
   macro avg       0.18      0.20      0.17     11839
weighted avg       0.36      0.42      0.36     11839



r52:
RESULTS : 
              precision    recall  f1-score   support

           0       0.99      0.98      0.98      6241
           1       0.68      0.87      0.76       443
           2       0.93      0.96      0.95      3651
           3       0.52      0.88      0.66       186
           4       0.54      0.80      0.64       187
           5       0.74      0.65      0.69       231
           6       0.72      0.73      0.72       472
           7       0.00      0.00      0.00        29
           8       0.31      0.05      0.09        73
           9       0.00      0.00      0.00        55
          10       0.75      0.91      0.82       601
          11       0.27      0.16      0.20        55
          12       0.00      0.00      0.00        18
          13       0.00      0.00      0.00        29
          14       0.41      0.44      0.43        82
          15       0.00      0.00      0.00         8
          16       0.17      0.13      0.14        71
          17       0.00      0.00      0.00        31
          18       0.33      0.07      0.12        84
          19       0.58      0.90      0.70       140
          20       0.69      0.88      0.77       538
          21       0.49      0.27      0.35       122
          22       0.29      0.80      0.42       114
          23       0.38      0.42      0.39        72
          24       0.56      0.80      0.66       240
          25       0.00      0.00      0.00         9
          26       0.61      0.44      0.51       101
          27       0.17      0.05      0.07        83
          28       0.00      0.00      0.00        16
          29       1.00      0.02      0.03        65
          30       0.00      0.00      0.00        41
          31       0.00      0.00      0.00        28
          32       0.00      0.00      0.00        41
          33       0.00      0.00      0.00        36
          34       0.00      0.00      0.00        11
          35       0.00      0.00      0.00        20
          36       0.00      0.00      0.00         7
          37       0.00      0.00      0.00        54
          38       0.00      0.00      0.00        14
          39       0.00      0.00      0.00         8
          40       0.00      0.00      0.00         7
          41       0.00      0.00      0.00        61
          42       0.00      0.00      0.00        39
          43       0.00      0.00      0.00        37
          44       0.00      0.00      0.00        23
          45       0.00      0.00      0.00        17
          46       0.00      0.00      0.00        15
          47       0.00      0.00      0.00        14
          48       0.00      0.00      0.00         2
          49       0.00      0.00      0.00         4
          50       0.67      0.15      0.24        27
          51       0.00      0.00      0.00         6

    accuracy                           0.85     14559
   macro avg       0.25      0.24      0.22     14559
weighted avg       0.82      0.85      0.83     14559
